X = [ 1.457,  1.782,  1.0,     3.325,  3.28;
  1.433  1.119  1.031  1.221  1.   ;
  1.     1.12   1.209  1.638  1.633;
  1.213  1.706  2.98   1.     2.981;
  1.003  1.041  1.     1.349  1.349;
  1.     2.034  1.388  2.466  2.650];
